img1.jpg 333.0,237.0,389.0,333.0,0
img2.jpg 329.0,103.0,381.0,156.0,3
img3.jpg 71.0,286.0,168.0,341.0,1
img4.jpg 342.0,245.0,362.0,265.0,3
img5.jpg 44.0,276.0,137.0,369.0,3
img6.jpg 182.0,65.0,216.0,99.0,3
img7.jpg 198.0,202.0,268.0,290.0,0
img8.jpg 64.0,323.0,103.0,406.0,1
img9.jpg 310.0,306.0,401.0,370.0,1 16.0,211.0,129.0,324.0,3
img10.jpg 221.0,320.0,318.0,364.0,1
img11.jpg 26.0,80.0,123.0,135.0,1
img12.jpg 52.0,50.0,106.0,105.0,3
img13.jpg 177.0,298.0,260.0,382.0,3
img14.jpg 124.0,286.0,184.0,366.0,2 137.0,154.0,386.0,403.0,3
img15.jpg 130.0,25.0,177.0,71.0,3
img16.jpg 113.0,61.0,176.0,153.0,3
img17.jpg 133.0,171.0,246.0,284.0,3
img18.jpg 21.0,186.0,104.0,269.0,3
img19.jpg 50.0,63.0,145.0,159.0,3
img20.jpg 215.0,191.0,298.0,273.0,3
img21.jpg 253.0,251.0,297.0,295.0,3
img22.jpg 291.0,235.0,317.0,261.0,3
img23.jpg 118.0,133.0,215.0,188.0,3
img24.jpg 245.0,280.0,284.0,363.0,1
img25.jpg 220.0,68.0,246.0,95.0,3
img26.jpg 232.0,62.0,285.0,115.0,3
img27.jpg 265.0,123.0,348.0,198.0,1
img28.jpg 90.0,28.0,148.0,124.0,0 4.0,202.0,145.0,342.0,3
img29.jpg 221.0,110.0,326.0,215.0,3
img30.jpg 16.0,70.0,89.0,190.0,1
img31.jpg 162.0,84.0,239.0,161.0,3
img32.jpg 26.0,214.0,69.0,257.0,3
img33.jpg 161.0,312.0,238.0,392.0,0
img34.jpg 216.0,340.0,272.0,396.0,3
img35.jpg 5.0,19.0,89.0,103.0,3
img36.jpg 52.0,122.0,144.0,215.0,3
img37.jpg 206.0,212.0,261.0,259.0,0
img38.jpg 194.0,319.0,285.0,384.0,0
img39.jpg 286.0,28.0,378.0,120.0,3
img40.jpg 81.0,272.0,179.0,369.0,3
img41.jpg 181.0,19.0,261.0,99.0,3
img42.jpg 81.0,358.0,126.0,404.0,3
img43.jpg 33.0,122.0,217.0,306.0,3
img44.jpg 195.0,28.0,221.0,55.0,3
img45.jpg 4.0,24.0,93.0,113.0,3
img46.jpg 149.0,112.0,185.0,148.0,3
img47.jpg 224.0,389.0,250.0,415.0,3
img48.jpg 71.0,251.0,158.0,320.0,2
img49.jpg 255.0,148.0,351.0,204.0,2
img50.jpg 189.0,213.0,261.0,299.0,1 54.0,30.0,137.0,105.0,1
img51.jpg 285.0,297.0,378.0,389.0,3
img52.jpg 267.0,73.0,337.0,161.0,0 43.0,225.0,127.0,308.0,3
img53.jpg 304.0,272.0,401.0,327.0,1
img54.jpg 224.0,187.0,321.0,242.0,1
img55.jpg 308.0,276.0,391.0,358.0,3
img56.jpg 36.0,46.0,129.0,108.0,0
img57.jpg 36.0,56.0,98.0,118.0,3
img58.jpg 104.0,70.0,174.0,111.0,1
img59.jpg 332.0,207.0,387.0,249.0,1
img60.jpg 129.0,125.0,226.0,180.0,1
img61.jpg 86.0,260.0,183.0,315.0,0
img62.jpg 230.0,25.0,301.0,115.0,1
img63.jpg 83.0,235.0,143.0,315.0,2 96.0,103.0,345.0,352.0,3
img64.jpg 121.0,127.0,313.0,319.0,3
img65.jpg 3.0,27.0,137.0,162.0,3
img66.jpg 279.0,343.0,376.0,398.0,1
img67.jpg 107.0,50.0,158.0,102.0,3
img68.jpg 52.0,100.0,116.0,164.0,3
img69.jpg 123.0,292.0,217.0,386.0,3
img70.jpg 72.0,348.0,121.0,397.0,3
img71.jpg 185.0,153.0,323.0,291.0,3
img72.jpg 226.0,147.0,324.0,244.0,3
img73.jpg 59.0,267.0,183.0,390.0,3
img74.jpg 206.0,303.0,301.0,363.0,1
img75.jpg 140.0,261.0,184.0,305.0,3
img76.jpg 196.0,241.0,279.0,323.0,3
img77.jpg 41.0,1.0,138.0,56.0,1
img78.jpg 280.0,30.0,348.0,97.0,0
img79.jpg 282.0,339.0,371.0,407.0,0
img80.jpg 17.0,197.0,90.0,224.0,1 116.0,284.0,240.0,407.0,3
img81.jpg 155.0,203.0,180.0,227.0,3
img82.jpg 245.0,220.0,333.0,288.0,1
img83.jpg 330.0,237.0,361.0,269.0,3
img84.jpg 311.0,189.0,414.0,292.0,3
img85.jpg 165.0,171.0,306.0,311.0,3
img86.jpg 248.0,199.0,300.0,259.0,1
img87.jpg 356.0,255.0,382.0,281.0,3
img88.jpg 78.0,79.0,200.0,200.0,3
img89.jpg 35.0,150.0,105.0,220.0,3
img90.jpg 23.0,184.0,119.0,240.0,2
img91.jpg 148.0,188.0,308.0,348.0,3
img92.jpg 222.0,170.0,307.0,242.0,0 215.0,255.0,287.0,341.0,2
img93.jpg 300.0,146.0,390.0,211.0,1 44.0,253.0,104.0,347.0,3
img94.jpg 307.0,265.0,391.0,349.0,3
img95.jpg 232.0,267.0,284.0,318.0,3
img96.jpg 121.0,271.0,183.0,364.0,0
img97.jpg 142.0,5.0,239.0,60.0,1
img98.jpg 174.0,151.0,259.0,235.0,3
img99.jpg 38.0,42.0,95.0,138.0,1
img100.jpg 288.0,223.0,391.0,282.0,1
